{
 "cells": [
  {
   "cell_type": "code",
   "execution_count": 1,
   "metadata": {},
   "outputs": [],
   "source": [
    "import pandas as pd\n",
    "import numpy as np"
   ]
  },
  {
   "cell_type": "code",
   "execution_count": 3,
   "metadata": {},
   "outputs": [
    {
     "data": {
      "text/html": [
       "<div>\n",
       "<style scoped>\n",
       "    .dataframe tbody tr th:only-of-type {\n",
       "        vertical-align: middle;\n",
       "    }\n",
       "\n",
       "    .dataframe tbody tr th {\n",
       "        vertical-align: top;\n",
       "    }\n",
       "\n",
       "    .dataframe thead th {\n",
       "        text-align: right;\n",
       "    }\n",
       "</style>\n",
       "<table border=\"1\" class=\"dataframe\">\n",
       "  <thead>\n",
       "    <tr style=\"text-align: right;\">\n",
       "      <th></th>\n",
       "      <th>name</th>\n",
       "      <th>language</th>\n",
       "      <th>experience</th>\n",
       "    </tr>\n",
       "  </thead>\n",
       "  <tbody>\n",
       "    <tr>\n",
       "      <th>0</th>\n",
       "      <td>Soham</td>\n",
       "      <td>Solidity</td>\n",
       "      <td>1</td>\n",
       "    </tr>\n",
       "    <tr>\n",
       "      <th>1</th>\n",
       "      <td>Bhanu</td>\n",
       "      <td>Javascript</td>\n",
       "      <td>2</td>\n",
       "    </tr>\n",
       "    <tr>\n",
       "      <th>2</th>\n",
       "      <td>Farhan</td>\n",
       "      <td>CSS</td>\n",
       "      <td>3</td>\n",
       "    </tr>\n",
       "  </tbody>\n",
       "</table>\n",
       "</div>"
      ],
      "text/plain": [
       "     name    language  experience\n",
       "0   Soham    Solidity           1\n",
       "1   Bhanu  Javascript           2\n",
       "2  Farhan         CSS           3"
      ]
     },
     "execution_count": 3,
     "metadata": {},
     "output_type": "execute_result"
    }
   ],
   "source": [
    "dict1 = {\"name\" : [\"Soham\" , \"Bhanu\", \"Farhan\"],\n",
    "         \"language\":[\"Solidity\", \"Javascript\", \"CSS\"],\n",
    "         \"experience\":[1, 2, 3]}\n",
    "df = pd.DataFrame(dict1)\n",
    "df"
   ]
  },
  {
   "cell_type": "code",
   "execution_count": 6,
   "metadata": {},
   "outputs": [
    {
     "data": {
      "text/html": [
       "<div>\n",
       "<style scoped>\n",
       "    .dataframe tbody tr th:only-of-type {\n",
       "        vertical-align: middle;\n",
       "    }\n",
       "\n",
       "    .dataframe tbody tr th {\n",
       "        vertical-align: top;\n",
       "    }\n",
       "\n",
       "    .dataframe thead th {\n",
       "        text-align: right;\n",
       "    }\n",
       "</style>\n",
       "<table border=\"1\" class=\"dataframe\">\n",
       "  <thead>\n",
       "    <tr style=\"text-align: right;\">\n",
       "      <th></th>\n",
       "      <th>name</th>\n",
       "      <th>language</th>\n",
       "      <th>experience</th>\n",
       "    </tr>\n",
       "  </thead>\n",
       "  <tbody>\n",
       "    <tr>\n",
       "      <th>0</th>\n",
       "      <td>Soham</td>\n",
       "      <td>Solidity</td>\n",
       "      <td>1</td>\n",
       "    </tr>\n",
       "    <tr>\n",
       "      <th>1</th>\n",
       "      <td>Bhanu</td>\n",
       "      <td>Javascript</td>\n",
       "      <td>2</td>\n",
       "    </tr>\n",
       "  </tbody>\n",
       "</table>\n",
       "</div>"
      ],
      "text/plain": [
       "    name    language  experience\n",
       "0  Soham    Solidity           1\n",
       "1  Bhanu  Javascript           2"
      ]
     },
     "execution_count": 6,
     "metadata": {},
     "output_type": "execute_result"
    }
   ],
   "source": [
    "df.head(2)\n",
    "df.tail(2)"
   ]
  },
  {
   "cell_type": "code",
   "execution_count": 10,
   "metadata": {},
   "outputs": [
    {
     "data": {
      "text/html": [
       "<div>\n",
       "<style scoped>\n",
       "    .dataframe tbody tr th:only-of-type {\n",
       "        vertical-align: middle;\n",
       "    }\n",
       "\n",
       "    .dataframe tbody tr th {\n",
       "        vertical-align: top;\n",
       "    }\n",
       "\n",
       "    .dataframe thead th {\n",
       "        text-align: right;\n",
       "    }\n",
       "</style>\n",
       "<table border=\"1\" class=\"dataframe\">\n",
       "  <thead>\n",
       "    <tr style=\"text-align: right;\">\n",
       "      <th></th>\n",
       "      <th>A</th>\n",
       "      <th>B</th>\n",
       "      <th>C</th>\n",
       "      <th>D</th>\n",
       "      <th>E</th>\n",
       "    </tr>\n",
       "  </thead>\n",
       "  <tbody>\n",
       "    <tr>\n",
       "      <th>0</th>\n",
       "      <td>0.659552</td>\n",
       "      <td>0.009833</td>\n",
       "      <td>0.417846</td>\n",
       "      <td>0.555050</td>\n",
       "      <td>0.667172</td>\n",
       "    </tr>\n",
       "    <tr>\n",
       "      <th>1</th>\n",
       "      <td>0.879550</td>\n",
       "      <td>0.937635</td>\n",
       "      <td>0.187279</td>\n",
       "      <td>0.484898</td>\n",
       "      <td>0.313163</td>\n",
       "    </tr>\n",
       "    <tr>\n",
       "      <th>2</th>\n",
       "      <td>0.983770</td>\n",
       "      <td>0.383981</td>\n",
       "      <td>0.011974</td>\n",
       "      <td>0.196200</td>\n",
       "      <td>0.837456</td>\n",
       "    </tr>\n",
       "    <tr>\n",
       "      <th>3</th>\n",
       "      <td>0.080999</td>\n",
       "      <td>0.263665</td>\n",
       "      <td>0.166442</td>\n",
       "      <td>0.645704</td>\n",
       "      <td>0.289177</td>\n",
       "    </tr>\n",
       "    <tr>\n",
       "      <th>4</th>\n",
       "      <td>0.178974</td>\n",
       "      <td>0.920370</td>\n",
       "      <td>0.653847</td>\n",
       "      <td>0.459423</td>\n",
       "      <td>0.367491</td>\n",
       "    </tr>\n",
       "    <tr>\n",
       "      <th>5</th>\n",
       "      <td>0.051113</td>\n",
       "      <td>0.770686</td>\n",
       "      <td>0.957347</td>\n",
       "      <td>0.869324</td>\n",
       "      <td>0.092524</td>\n",
       "    </tr>\n",
       "    <tr>\n",
       "      <th>6</th>\n",
       "      <td>0.923274</td>\n",
       "      <td>0.462599</td>\n",
       "      <td>0.997365</td>\n",
       "      <td>0.773834</td>\n",
       "      <td>0.441974</td>\n",
       "    </tr>\n",
       "    <tr>\n",
       "      <th>7</th>\n",
       "      <td>0.002369</td>\n",
       "      <td>0.083361</td>\n",
       "      <td>0.264604</td>\n",
       "      <td>0.517301</td>\n",
       "      <td>0.506370</td>\n",
       "    </tr>\n",
       "    <tr>\n",
       "      <th>8</th>\n",
       "      <td>0.371194</td>\n",
       "      <td>0.279101</td>\n",
       "      <td>0.120004</td>\n",
       "      <td>0.242894</td>\n",
       "      <td>0.765316</td>\n",
       "    </tr>\n",
       "    <tr>\n",
       "      <th>9</th>\n",
       "      <td>0.108832</td>\n",
       "      <td>0.184603</td>\n",
       "      <td>0.505158</td>\n",
       "      <td>0.570225</td>\n",
       "      <td>0.455186</td>\n",
       "    </tr>\n",
       "    <tr>\n",
       "      <th>10</th>\n",
       "      <td>0.797599</td>\n",
       "      <td>0.931151</td>\n",
       "      <td>0.052402</td>\n",
       "      <td>0.072810</td>\n",
       "      <td>0.565146</td>\n",
       "    </tr>\n",
       "    <tr>\n",
       "      <th>11</th>\n",
       "      <td>0.148957</td>\n",
       "      <td>0.472820</td>\n",
       "      <td>0.449529</td>\n",
       "      <td>0.617852</td>\n",
       "      <td>0.107004</td>\n",
       "    </tr>\n",
       "    <tr>\n",
       "      <th>12</th>\n",
       "      <td>0.562960</td>\n",
       "      <td>0.352283</td>\n",
       "      <td>0.067808</td>\n",
       "      <td>0.942131</td>\n",
       "      <td>0.128597</td>\n",
       "    </tr>\n",
       "    <tr>\n",
       "      <th>13</th>\n",
       "      <td>0.476634</td>\n",
       "      <td>0.347658</td>\n",
       "      <td>0.270706</td>\n",
       "      <td>0.147456</td>\n",
       "      <td>0.595483</td>\n",
       "    </tr>\n",
       "    <tr>\n",
       "      <th>14</th>\n",
       "      <td>0.700558</td>\n",
       "      <td>0.877227</td>\n",
       "      <td>0.479124</td>\n",
       "      <td>0.670247</td>\n",
       "      <td>0.806583</td>\n",
       "    </tr>\n",
       "    <tr>\n",
       "      <th>15</th>\n",
       "      <td>0.394394</td>\n",
       "      <td>0.519430</td>\n",
       "      <td>0.024348</td>\n",
       "      <td>0.880200</td>\n",
       "      <td>0.605373</td>\n",
       "    </tr>\n",
       "    <tr>\n",
       "      <th>16</th>\n",
       "      <td>0.370921</td>\n",
       "      <td>0.793155</td>\n",
       "      <td>0.786769</td>\n",
       "      <td>0.080103</td>\n",
       "      <td>0.123320</td>\n",
       "    </tr>\n",
       "    <tr>\n",
       "      <th>17</th>\n",
       "      <td>0.944569</td>\n",
       "      <td>0.290388</td>\n",
       "      <td>0.826335</td>\n",
       "      <td>0.046561</td>\n",
       "      <td>0.914996</td>\n",
       "    </tr>\n",
       "    <tr>\n",
       "      <th>18</th>\n",
       "      <td>0.562467</td>\n",
       "      <td>0.956436</td>\n",
       "      <td>0.042258</td>\n",
       "      <td>0.617085</td>\n",
       "      <td>0.592537</td>\n",
       "    </tr>\n",
       "    <tr>\n",
       "      <th>19</th>\n",
       "      <td>0.308897</td>\n",
       "      <td>0.041601</td>\n",
       "      <td>0.611435</td>\n",
       "      <td>0.923715</td>\n",
       "      <td>0.044646</td>\n",
       "    </tr>\n",
       "    <tr>\n",
       "      <th>20</th>\n",
       "      <td>0.156006</td>\n",
       "      <td>0.816713</td>\n",
       "      <td>0.965553</td>\n",
       "      <td>0.704421</td>\n",
       "      <td>0.063599</td>\n",
       "    </tr>\n",
       "    <tr>\n",
       "      <th>21</th>\n",
       "      <td>0.192035</td>\n",
       "      <td>0.268532</td>\n",
       "      <td>0.437799</td>\n",
       "      <td>0.469791</td>\n",
       "      <td>0.493624</td>\n",
       "    </tr>\n",
       "    <tr>\n",
       "      <th>22</th>\n",
       "      <td>0.806443</td>\n",
       "      <td>0.764815</td>\n",
       "      <td>0.288555</td>\n",
       "      <td>0.416906</td>\n",
       "      <td>0.533756</td>\n",
       "    </tr>\n",
       "    <tr>\n",
       "      <th>23</th>\n",
       "      <td>0.269009</td>\n",
       "      <td>0.476404</td>\n",
       "      <td>0.546722</td>\n",
       "      <td>0.720116</td>\n",
       "      <td>0.273307</td>\n",
       "    </tr>\n",
       "    <tr>\n",
       "      <th>24</th>\n",
       "      <td>0.307168</td>\n",
       "      <td>0.934770</td>\n",
       "      <td>0.939832</td>\n",
       "      <td>0.024602</td>\n",
       "      <td>0.113213</td>\n",
       "    </tr>\n",
       "    <tr>\n",
       "      <th>25</th>\n",
       "      <td>0.688740</td>\n",
       "      <td>0.410772</td>\n",
       "      <td>0.105340</td>\n",
       "      <td>0.689991</td>\n",
       "      <td>0.373152</td>\n",
       "    </tr>\n",
       "    <tr>\n",
       "      <th>26</th>\n",
       "      <td>0.875560</td>\n",
       "      <td>0.554257</td>\n",
       "      <td>0.098849</td>\n",
       "      <td>0.425956</td>\n",
       "      <td>0.416437</td>\n",
       "    </tr>\n",
       "    <tr>\n",
       "      <th>27</th>\n",
       "      <td>0.995454</td>\n",
       "      <td>0.337834</td>\n",
       "      <td>0.987080</td>\n",
       "      <td>0.278593</td>\n",
       "      <td>0.055842</td>\n",
       "    </tr>\n",
       "    <tr>\n",
       "      <th>28</th>\n",
       "      <td>0.755140</td>\n",
       "      <td>0.650997</td>\n",
       "      <td>0.027586</td>\n",
       "      <td>0.362129</td>\n",
       "      <td>0.696468</td>\n",
       "    </tr>\n",
       "    <tr>\n",
       "      <th>29</th>\n",
       "      <td>0.398026</td>\n",
       "      <td>0.741517</td>\n",
       "      <td>0.163300</td>\n",
       "      <td>0.072227</td>\n",
       "      <td>0.704796</td>\n",
       "    </tr>\n",
       "    <tr>\n",
       "      <th>30</th>\n",
       "      <td>0.631555</td>\n",
       "      <td>0.065511</td>\n",
       "      <td>0.216601</td>\n",
       "      <td>0.363707</td>\n",
       "      <td>0.376296</td>\n",
       "    </tr>\n",
       "    <tr>\n",
       "      <th>31</th>\n",
       "      <td>0.293489</td>\n",
       "      <td>0.694648</td>\n",
       "      <td>0.475820</td>\n",
       "      <td>0.232969</td>\n",
       "      <td>0.479183</td>\n",
       "    </tr>\n",
       "    <tr>\n",
       "      <th>32</th>\n",
       "      <td>0.287106</td>\n",
       "      <td>0.845061</td>\n",
       "      <td>0.003113</td>\n",
       "      <td>0.862874</td>\n",
       "      <td>0.297905</td>\n",
       "    </tr>\n",
       "    <tr>\n",
       "      <th>33</th>\n",
       "      <td>0.122201</td>\n",
       "      <td>0.849595</td>\n",
       "      <td>0.876483</td>\n",
       "      <td>0.846690</td>\n",
       "      <td>0.331419</td>\n",
       "    </tr>\n",
       "  </tbody>\n",
       "</table>\n",
       "</div>"
      ],
      "text/plain": [
       "           A         B         C         D         E\n",
       "0   0.659552  0.009833  0.417846  0.555050  0.667172\n",
       "1   0.879550  0.937635  0.187279  0.484898  0.313163\n",
       "2   0.983770  0.383981  0.011974  0.196200  0.837456\n",
       "3   0.080999  0.263665  0.166442  0.645704  0.289177\n",
       "4   0.178974  0.920370  0.653847  0.459423  0.367491\n",
       "5   0.051113  0.770686  0.957347  0.869324  0.092524\n",
       "6   0.923274  0.462599  0.997365  0.773834  0.441974\n",
       "7   0.002369  0.083361  0.264604  0.517301  0.506370\n",
       "8   0.371194  0.279101  0.120004  0.242894  0.765316\n",
       "9   0.108832  0.184603  0.505158  0.570225  0.455186\n",
       "10  0.797599  0.931151  0.052402  0.072810  0.565146\n",
       "11  0.148957  0.472820  0.449529  0.617852  0.107004\n",
       "12  0.562960  0.352283  0.067808  0.942131  0.128597\n",
       "13  0.476634  0.347658  0.270706  0.147456  0.595483\n",
       "14  0.700558  0.877227  0.479124  0.670247  0.806583\n",
       "15  0.394394  0.519430  0.024348  0.880200  0.605373\n",
       "16  0.370921  0.793155  0.786769  0.080103  0.123320\n",
       "17  0.944569  0.290388  0.826335  0.046561  0.914996\n",
       "18  0.562467  0.956436  0.042258  0.617085  0.592537\n",
       "19  0.308897  0.041601  0.611435  0.923715  0.044646\n",
       "20  0.156006  0.816713  0.965553  0.704421  0.063599\n",
       "21  0.192035  0.268532  0.437799  0.469791  0.493624\n",
       "22  0.806443  0.764815  0.288555  0.416906  0.533756\n",
       "23  0.269009  0.476404  0.546722  0.720116  0.273307\n",
       "24  0.307168  0.934770  0.939832  0.024602  0.113213\n",
       "25  0.688740  0.410772  0.105340  0.689991  0.373152\n",
       "26  0.875560  0.554257  0.098849  0.425956  0.416437\n",
       "27  0.995454  0.337834  0.987080  0.278593  0.055842\n",
       "28  0.755140  0.650997  0.027586  0.362129  0.696468\n",
       "29  0.398026  0.741517  0.163300  0.072227  0.704796\n",
       "30  0.631555  0.065511  0.216601  0.363707  0.376296\n",
       "31  0.293489  0.694648  0.475820  0.232969  0.479183\n",
       "32  0.287106  0.845061  0.003113  0.862874  0.297905\n",
       "33  0.122201  0.849595  0.876483  0.846690  0.331419"
      ]
     },
     "execution_count": 10,
     "metadata": {},
     "output_type": "execute_result"
    }
   ],
   "source": [
    "newdf = pd.DataFrame(np.random.rand(34,5), index=np.arange(34), columns=list(\"ABCDE\"))\n",
    "newdf"
   ]
  },
  {
   "cell_type": "code",
   "execution_count": null,
   "metadata": {},
   "outputs": [],
   "source": [
    "newdf.to_csv(\"newdf.csv\")\n",
    "newdf.to_csv(\"newdf_index_false.csv\", index=False)\n"
   ]
  },
  {
   "cell_type": "code",
   "execution_count": 11,
   "metadata": {},
   "outputs": [
    {
     "data": {
      "text/html": [
       "<div>\n",
       "<style scoped>\n",
       "    .dataframe tbody tr th:only-of-type {\n",
       "        vertical-align: middle;\n",
       "    }\n",
       "\n",
       "    .dataframe tbody tr th {\n",
       "        vertical-align: top;\n",
       "    }\n",
       "\n",
       "    .dataframe thead th {\n",
       "        text-align: right;\n",
       "    }\n",
       "</style>\n",
       "<table border=\"1\" class=\"dataframe\">\n",
       "  <thead>\n",
       "    <tr style=\"text-align: right;\">\n",
       "      <th></th>\n",
       "      <th>A</th>\n",
       "      <th>B</th>\n",
       "      <th>C</th>\n",
       "      <th>D</th>\n",
       "      <th>E</th>\n",
       "    </tr>\n",
       "  </thead>\n",
       "  <tbody>\n",
       "    <tr>\n",
       "      <th>count</th>\n",
       "      <td>34.000000</td>\n",
       "      <td>34.000000</td>\n",
       "      <td>34.000000</td>\n",
       "      <td>34.000000</td>\n",
       "      <td>34.000000</td>\n",
       "    </tr>\n",
       "    <tr>\n",
       "      <th>mean</th>\n",
       "      <td>0.478986</td>\n",
       "      <td>0.537924</td>\n",
       "      <td>0.412506</td>\n",
       "      <td>0.493647</td>\n",
       "      <td>0.424368</td>\n",
       "    </tr>\n",
       "    <tr>\n",
       "      <th>std</th>\n",
       "      <td>0.308011</td>\n",
       "      <td>0.298887</td>\n",
       "      <td>0.338191</td>\n",
       "      <td>0.281932</td>\n",
       "      <td>0.246519</td>\n",
       "    </tr>\n",
       "    <tr>\n",
       "      <th>min</th>\n",
       "      <td>0.002369</td>\n",
       "      <td>0.009833</td>\n",
       "      <td>0.003113</td>\n",
       "      <td>0.024602</td>\n",
       "      <td>0.044646</td>\n",
       "    </tr>\n",
       "    <tr>\n",
       "      <th>25%</th>\n",
       "      <td>0.211278</td>\n",
       "      <td>0.302250</td>\n",
       "      <td>0.109006</td>\n",
       "      <td>0.251819</td>\n",
       "      <td>0.277274</td>\n",
       "    </tr>\n",
       "    <tr>\n",
       "      <th>50%</th>\n",
       "      <td>0.396210</td>\n",
       "      <td>0.497917</td>\n",
       "      <td>0.353201</td>\n",
       "      <td>0.501100</td>\n",
       "      <td>0.429205</td>\n",
       "    </tr>\n",
       "    <tr>\n",
       "      <th>75%</th>\n",
       "      <td>0.741494</td>\n",
       "      <td>0.810823</td>\n",
       "      <td>0.643244</td>\n",
       "      <td>0.700813</td>\n",
       "      <td>0.594746</td>\n",
       "    </tr>\n",
       "    <tr>\n",
       "      <th>max</th>\n",
       "      <td>0.995454</td>\n",
       "      <td>0.956436</td>\n",
       "      <td>0.997365</td>\n",
       "      <td>0.942131</td>\n",
       "      <td>0.914996</td>\n",
       "    </tr>\n",
       "  </tbody>\n",
       "</table>\n",
       "</div>"
      ],
      "text/plain": [
       "               A          B          C          D          E\n",
       "count  34.000000  34.000000  34.000000  34.000000  34.000000\n",
       "mean    0.478986   0.537924   0.412506   0.493647   0.424368\n",
       "std     0.308011   0.298887   0.338191   0.281932   0.246519\n",
       "min     0.002369   0.009833   0.003113   0.024602   0.044646\n",
       "25%     0.211278   0.302250   0.109006   0.251819   0.277274\n",
       "50%     0.396210   0.497917   0.353201   0.501100   0.429205\n",
       "75%     0.741494   0.810823   0.643244   0.700813   0.594746\n",
       "max     0.995454   0.956436   0.997365   0.942131   0.914996"
      ]
     },
     "execution_count": 11,
     "metadata": {},
     "output_type": "execute_result"
    }
   ],
   "source": [
    "newdf.describe()"
   ]
  },
  {
   "cell_type": "code",
   "execution_count": 12,
   "metadata": {},
   "outputs": [
    {
     "name": "stdout",
     "output_type": "stream",
     "text": [
      "<class 'pandas.core.frame.DataFrame'>\n",
      "Int64Index: 34 entries, 0 to 33\n",
      "Data columns (total 5 columns):\n",
      " #   Column  Non-Null Count  Dtype  \n",
      "---  ------  --------------  -----  \n",
      " 0   A       34 non-null     float64\n",
      " 1   B       34 non-null     float64\n",
      " 2   C       34 non-null     float64\n",
      " 3   D       34 non-null     float64\n",
      " 4   E       34 non-null     float64\n",
      "dtypes: float64(5)\n",
      "memory usage: 1.6 KB\n"
     ]
    }
   ],
   "source": [
    "newdf.info()"
   ]
  },
  {
   "cell_type": "code",
   "execution_count": 13,
   "metadata": {},
   "outputs": [
    {
     "data": {
      "text/plain": [
       "0.659552    1\n",
       "0.688740    1\n",
       "0.308897    1\n",
       "0.156006    1\n",
       "0.192035    1\n",
       "0.806443    1\n",
       "0.269009    1\n",
       "0.307168    1\n",
       "0.875560    1\n",
       "0.879550    1\n",
       "0.995454    1\n",
       "0.755140    1\n",
       "0.398026    1\n",
       "0.631555    1\n",
       "0.293489    1\n",
       "0.287106    1\n",
       "0.562467    1\n",
       "0.944569    1\n",
       "0.370921    1\n",
       "0.394394    1\n",
       "0.700558    1\n",
       "0.476634    1\n",
       "0.562960    1\n",
       "0.148957    1\n",
       "0.797599    1\n",
       "0.108832    1\n",
       "0.371194    1\n",
       "0.002369    1\n",
       "0.923274    1\n",
       "0.051113    1\n",
       "0.178974    1\n",
       "0.080999    1\n",
       "0.983770    1\n",
       "0.122201    1\n",
       "Name: A, dtype: int64"
      ]
     },
     "execution_count": 13,
     "metadata": {},
     "output_type": "execute_result"
    }
   ],
   "source": [
    "newdf[\"A\"].value_counts()"
   ]
  },
  {
   "cell_type": "code",
   "execution_count": 14,
   "metadata": {},
   "outputs": [
    {
     "data": {
      "text/plain": [
       "array([0.65955187, 0.87955015, 0.98376957, 0.080999  , 0.1789739 ,\n",
       "       0.05111298, 0.92327434, 0.00236873, 0.37119436, 0.10883205,\n",
       "       0.79759885, 0.14895664, 0.56295968, 0.47663358, 0.7005576 ,\n",
       "       0.39439419, 0.37092125, 0.94456877, 0.56246699, 0.30889703,\n",
       "       0.15600611, 0.1920347 , 0.80644331, 0.26900862, 0.30716784,\n",
       "       0.68874026, 0.87556048, 0.99545389, 0.75514008, 0.39802588,\n",
       "       0.63155476, 0.29348886, 0.28710564, 0.12220097])"
      ]
     },
     "execution_count": 14,
     "metadata": {},
     "output_type": "execute_result"
    }
   ],
   "source": [
    "newdf[\"A\"].unique()\n",
    "newdf[\"A\"].nunique()\n",
    "newdf[\"A\"].sum()\n",
    "newdf[\"A\"].mean()\n",
    "newdf[\"A\"].median()\n",
    "newdf[\"A\"].std()\n",
    "newdf[\"A\"].min()\n",
    "newdf[\"A\"].max()\n",
    "newdf[\"A\"].cumsum()\n",
    "newdf[\"A\"].cumprod()"
   ]
  },
  {
   "cell_type": "code",
   "execution_count": 15,
   "metadata": {},
   "outputs": [
    {
     "data": {
      "text/plain": [
       "7     0.002369\n",
       "5     0.051113\n",
       "3     0.080999\n",
       "9     0.108832\n",
       "33    0.122201\n",
       "11    0.148957\n",
       "20    0.156006\n",
       "4     0.178974\n",
       "21    0.192035\n",
       "23    0.269009\n",
       "32    0.287106\n",
       "31    0.293489\n",
       "24    0.307168\n",
       "19    0.308897\n",
       "16    0.370921\n",
       "8     0.371194\n",
       "15    0.394394\n",
       "29    0.398026\n",
       "13    0.476634\n",
       "18    0.562467\n",
       "12    0.562960\n",
       "30    0.631555\n",
       "0     0.659552\n",
       "25    0.688740\n",
       "14    0.700558\n",
       "28    0.755140\n",
       "10    0.797599\n",
       "22    0.806443\n",
       "26    0.875560\n",
       "1     0.879550\n",
       "6     0.923274\n",
       "17    0.944569\n",
       "2     0.983770\n",
       "27    0.995454\n",
       "Name: A, dtype: float64"
      ]
     },
     "execution_count": 15,
     "metadata": {},
     "output_type": "execute_result"
    }
   ],
   "source": [
    "newdf[\"A\"].sort_values()\n",
    "newdf.sort_values(by=\"A\", ascending=False)\n",
    "\n"
   ]
  },
  {
   "cell_type": "code",
   "execution_count": 16,
   "metadata": {},
   "outputs": [
    {
     "data": {
      "text/plain": [
       "0     True\n",
       "1     True\n",
       "2     True\n",
       "3     True\n",
       "4     True\n",
       "5     True\n",
       "6     True\n",
       "7     True\n",
       "8     True\n",
       "9     True\n",
       "10    True\n",
       "11    True\n",
       "12    True\n",
       "13    True\n",
       "14    True\n",
       "15    True\n",
       "16    True\n",
       "17    True\n",
       "18    True\n",
       "19    True\n",
       "20    True\n",
       "21    True\n",
       "22    True\n",
       "23    True\n",
       "24    True\n",
       "25    True\n",
       "26    True\n",
       "27    True\n",
       "28    True\n",
       "29    True\n",
       "30    True\n",
       "31    True\n",
       "32    True\n",
       "33    True\n",
       "Name: A, dtype: bool"
      ]
     },
     "execution_count": 16,
     "metadata": {},
     "output_type": "execute_result"
    }
   ],
   "source": [
    "newdf[\"A\"].isnull()\n",
    "newdf[\"A\"].notnull()"
   ]
  },
  {
   "cell_type": "code",
   "execution_count": 17,
   "metadata": {},
   "outputs": [
    {
     "data": {
      "text/html": [
       "<div>\n",
       "<style scoped>\n",
       "    .dataframe tbody tr th:only-of-type {\n",
       "        vertical-align: middle;\n",
       "    }\n",
       "\n",
       "    .dataframe tbody tr th {\n",
       "        vertical-align: top;\n",
       "    }\n",
       "\n",
       "    .dataframe thead th {\n",
       "        text-align: right;\n",
       "    }\n",
       "</style>\n",
       "<table border=\"1\" class=\"dataframe\">\n",
       "  <thead>\n",
       "    <tr style=\"text-align: right;\">\n",
       "      <th></th>\n",
       "      <th>A</th>\n",
       "      <th>B</th>\n",
       "      <th>C</th>\n",
       "      <th>D</th>\n",
       "      <th>E</th>\n",
       "    </tr>\n",
       "  </thead>\n",
       "  <tbody>\n",
       "    <tr>\n",
       "      <th>33</th>\n",
       "      <td>0.122201</td>\n",
       "      <td>0.849595</td>\n",
       "      <td>0.876483</td>\n",
       "      <td>0.846690</td>\n",
       "      <td>0.331419</td>\n",
       "    </tr>\n",
       "    <tr>\n",
       "      <th>32</th>\n",
       "      <td>0.287106</td>\n",
       "      <td>0.845061</td>\n",
       "      <td>0.003113</td>\n",
       "      <td>0.862874</td>\n",
       "      <td>0.297905</td>\n",
       "    </tr>\n",
       "    <tr>\n",
       "      <th>31</th>\n",
       "      <td>0.293489</td>\n",
       "      <td>0.694648</td>\n",
       "      <td>0.475820</td>\n",
       "      <td>0.232969</td>\n",
       "      <td>0.479183</td>\n",
       "    </tr>\n",
       "    <tr>\n",
       "      <th>30</th>\n",
       "      <td>0.631555</td>\n",
       "      <td>0.065511</td>\n",
       "      <td>0.216601</td>\n",
       "      <td>0.363707</td>\n",
       "      <td>0.376296</td>\n",
       "    </tr>\n",
       "    <tr>\n",
       "      <th>29</th>\n",
       "      <td>0.398026</td>\n",
       "      <td>0.741517</td>\n",
       "      <td>0.163300</td>\n",
       "      <td>0.072227</td>\n",
       "      <td>0.704796</td>\n",
       "    </tr>\n",
       "    <tr>\n",
       "      <th>28</th>\n",
       "      <td>0.755140</td>\n",
       "      <td>0.650997</td>\n",
       "      <td>0.027586</td>\n",
       "      <td>0.362129</td>\n",
       "      <td>0.696468</td>\n",
       "    </tr>\n",
       "    <tr>\n",
       "      <th>27</th>\n",
       "      <td>0.995454</td>\n",
       "      <td>0.337834</td>\n",
       "      <td>0.987080</td>\n",
       "      <td>0.278593</td>\n",
       "      <td>0.055842</td>\n",
       "    </tr>\n",
       "    <tr>\n",
       "      <th>26</th>\n",
       "      <td>0.875560</td>\n",
       "      <td>0.554257</td>\n",
       "      <td>0.098849</td>\n",
       "      <td>0.425956</td>\n",
       "      <td>0.416437</td>\n",
       "    </tr>\n",
       "    <tr>\n",
       "      <th>25</th>\n",
       "      <td>0.688740</td>\n",
       "      <td>0.410772</td>\n",
       "      <td>0.105340</td>\n",
       "      <td>0.689991</td>\n",
       "      <td>0.373152</td>\n",
       "    </tr>\n",
       "    <tr>\n",
       "      <th>24</th>\n",
       "      <td>0.307168</td>\n",
       "      <td>0.934770</td>\n",
       "      <td>0.939832</td>\n",
       "      <td>0.024602</td>\n",
       "      <td>0.113213</td>\n",
       "    </tr>\n",
       "    <tr>\n",
       "      <th>23</th>\n",
       "      <td>0.269009</td>\n",
       "      <td>0.476404</td>\n",
       "      <td>0.546722</td>\n",
       "      <td>0.720116</td>\n",
       "      <td>0.273307</td>\n",
       "    </tr>\n",
       "    <tr>\n",
       "      <th>22</th>\n",
       "      <td>0.806443</td>\n",
       "      <td>0.764815</td>\n",
       "      <td>0.288555</td>\n",
       "      <td>0.416906</td>\n",
       "      <td>0.533756</td>\n",
       "    </tr>\n",
       "    <tr>\n",
       "      <th>21</th>\n",
       "      <td>0.192035</td>\n",
       "      <td>0.268532</td>\n",
       "      <td>0.437799</td>\n",
       "      <td>0.469791</td>\n",
       "      <td>0.493624</td>\n",
       "    </tr>\n",
       "    <tr>\n",
       "      <th>20</th>\n",
       "      <td>0.156006</td>\n",
       "      <td>0.816713</td>\n",
       "      <td>0.965553</td>\n",
       "      <td>0.704421</td>\n",
       "      <td>0.063599</td>\n",
       "    </tr>\n",
       "    <tr>\n",
       "      <th>19</th>\n",
       "      <td>0.308897</td>\n",
       "      <td>0.041601</td>\n",
       "      <td>0.611435</td>\n",
       "      <td>0.923715</td>\n",
       "      <td>0.044646</td>\n",
       "    </tr>\n",
       "    <tr>\n",
       "      <th>18</th>\n",
       "      <td>0.562467</td>\n",
       "      <td>0.956436</td>\n",
       "      <td>0.042258</td>\n",
       "      <td>0.617085</td>\n",
       "      <td>0.592537</td>\n",
       "    </tr>\n",
       "    <tr>\n",
       "      <th>17</th>\n",
       "      <td>0.944569</td>\n",
       "      <td>0.290388</td>\n",
       "      <td>0.826335</td>\n",
       "      <td>0.046561</td>\n",
       "      <td>0.914996</td>\n",
       "    </tr>\n",
       "    <tr>\n",
       "      <th>16</th>\n",
       "      <td>0.370921</td>\n",
       "      <td>0.793155</td>\n",
       "      <td>0.786769</td>\n",
       "      <td>0.080103</td>\n",
       "      <td>0.123320</td>\n",
       "    </tr>\n",
       "    <tr>\n",
       "      <th>15</th>\n",
       "      <td>0.394394</td>\n",
       "      <td>0.519430</td>\n",
       "      <td>0.024348</td>\n",
       "      <td>0.880200</td>\n",
       "      <td>0.605373</td>\n",
       "    </tr>\n",
       "    <tr>\n",
       "      <th>14</th>\n",
       "      <td>0.700558</td>\n",
       "      <td>0.877227</td>\n",
       "      <td>0.479124</td>\n",
       "      <td>0.670247</td>\n",
       "      <td>0.806583</td>\n",
       "    </tr>\n",
       "    <tr>\n",
       "      <th>13</th>\n",
       "      <td>0.476634</td>\n",
       "      <td>0.347658</td>\n",
       "      <td>0.270706</td>\n",
       "      <td>0.147456</td>\n",
       "      <td>0.595483</td>\n",
       "    </tr>\n",
       "    <tr>\n",
       "      <th>12</th>\n",
       "      <td>0.562960</td>\n",
       "      <td>0.352283</td>\n",
       "      <td>0.067808</td>\n",
       "      <td>0.942131</td>\n",
       "      <td>0.128597</td>\n",
       "    </tr>\n",
       "    <tr>\n",
       "      <th>11</th>\n",
       "      <td>0.148957</td>\n",
       "      <td>0.472820</td>\n",
       "      <td>0.449529</td>\n",
       "      <td>0.617852</td>\n",
       "      <td>0.107004</td>\n",
       "    </tr>\n",
       "    <tr>\n",
       "      <th>10</th>\n",
       "      <td>0.797599</td>\n",
       "      <td>0.931151</td>\n",
       "      <td>0.052402</td>\n",
       "      <td>0.072810</td>\n",
       "      <td>0.565146</td>\n",
       "    </tr>\n",
       "    <tr>\n",
       "      <th>9</th>\n",
       "      <td>0.108832</td>\n",
       "      <td>0.184603</td>\n",
       "      <td>0.505158</td>\n",
       "      <td>0.570225</td>\n",
       "      <td>0.455186</td>\n",
       "    </tr>\n",
       "    <tr>\n",
       "      <th>8</th>\n",
       "      <td>0.371194</td>\n",
       "      <td>0.279101</td>\n",
       "      <td>0.120004</td>\n",
       "      <td>0.242894</td>\n",
       "      <td>0.765316</td>\n",
       "    </tr>\n",
       "    <tr>\n",
       "      <th>7</th>\n",
       "      <td>0.002369</td>\n",
       "      <td>0.083361</td>\n",
       "      <td>0.264604</td>\n",
       "      <td>0.517301</td>\n",
       "      <td>0.506370</td>\n",
       "    </tr>\n",
       "    <tr>\n",
       "      <th>6</th>\n",
       "      <td>0.923274</td>\n",
       "      <td>0.462599</td>\n",
       "      <td>0.997365</td>\n",
       "      <td>0.773834</td>\n",
       "      <td>0.441974</td>\n",
       "    </tr>\n",
       "    <tr>\n",
       "      <th>5</th>\n",
       "      <td>0.051113</td>\n",
       "      <td>0.770686</td>\n",
       "      <td>0.957347</td>\n",
       "      <td>0.869324</td>\n",
       "      <td>0.092524</td>\n",
       "    </tr>\n",
       "    <tr>\n",
       "      <th>4</th>\n",
       "      <td>0.178974</td>\n",
       "      <td>0.920370</td>\n",
       "      <td>0.653847</td>\n",
       "      <td>0.459423</td>\n",
       "      <td>0.367491</td>\n",
       "    </tr>\n",
       "    <tr>\n",
       "      <th>3</th>\n",
       "      <td>0.080999</td>\n",
       "      <td>0.263665</td>\n",
       "      <td>0.166442</td>\n",
       "      <td>0.645704</td>\n",
       "      <td>0.289177</td>\n",
       "    </tr>\n",
       "    <tr>\n",
       "      <th>2</th>\n",
       "      <td>0.983770</td>\n",
       "      <td>0.383981</td>\n",
       "      <td>0.011974</td>\n",
       "      <td>0.196200</td>\n",
       "      <td>0.837456</td>\n",
       "    </tr>\n",
       "    <tr>\n",
       "      <th>1</th>\n",
       "      <td>0.879550</td>\n",
       "      <td>0.937635</td>\n",
       "      <td>0.187279</td>\n",
       "      <td>0.484898</td>\n",
       "      <td>0.313163</td>\n",
       "    </tr>\n",
       "    <tr>\n",
       "      <th>0</th>\n",
       "      <td>0.659552</td>\n",
       "      <td>0.009833</td>\n",
       "      <td>0.417846</td>\n",
       "      <td>0.555050</td>\n",
       "      <td>0.667172</td>\n",
       "    </tr>\n",
       "  </tbody>\n",
       "</table>\n",
       "</div>"
      ],
      "text/plain": [
       "           A         B         C         D         E\n",
       "33  0.122201  0.849595  0.876483  0.846690  0.331419\n",
       "32  0.287106  0.845061  0.003113  0.862874  0.297905\n",
       "31  0.293489  0.694648  0.475820  0.232969  0.479183\n",
       "30  0.631555  0.065511  0.216601  0.363707  0.376296\n",
       "29  0.398026  0.741517  0.163300  0.072227  0.704796\n",
       "28  0.755140  0.650997  0.027586  0.362129  0.696468\n",
       "27  0.995454  0.337834  0.987080  0.278593  0.055842\n",
       "26  0.875560  0.554257  0.098849  0.425956  0.416437\n",
       "25  0.688740  0.410772  0.105340  0.689991  0.373152\n",
       "24  0.307168  0.934770  0.939832  0.024602  0.113213\n",
       "23  0.269009  0.476404  0.546722  0.720116  0.273307\n",
       "22  0.806443  0.764815  0.288555  0.416906  0.533756\n",
       "21  0.192035  0.268532  0.437799  0.469791  0.493624\n",
       "20  0.156006  0.816713  0.965553  0.704421  0.063599\n",
       "19  0.308897  0.041601  0.611435  0.923715  0.044646\n",
       "18  0.562467  0.956436  0.042258  0.617085  0.592537\n",
       "17  0.944569  0.290388  0.826335  0.046561  0.914996\n",
       "16  0.370921  0.793155  0.786769  0.080103  0.123320\n",
       "15  0.394394  0.519430  0.024348  0.880200  0.605373\n",
       "14  0.700558  0.877227  0.479124  0.670247  0.806583\n",
       "13  0.476634  0.347658  0.270706  0.147456  0.595483\n",
       "12  0.562960  0.352283  0.067808  0.942131  0.128597\n",
       "11  0.148957  0.472820  0.449529  0.617852  0.107004\n",
       "10  0.797599  0.931151  0.052402  0.072810  0.565146\n",
       "9   0.108832  0.184603  0.505158  0.570225  0.455186\n",
       "8   0.371194  0.279101  0.120004  0.242894  0.765316\n",
       "7   0.002369  0.083361  0.264604  0.517301  0.506370\n",
       "6   0.923274  0.462599  0.997365  0.773834  0.441974\n",
       "5   0.051113  0.770686  0.957347  0.869324  0.092524\n",
       "4   0.178974  0.920370  0.653847  0.459423  0.367491\n",
       "3   0.080999  0.263665  0.166442  0.645704  0.289177\n",
       "2   0.983770  0.383981  0.011974  0.196200  0.837456\n",
       "1   0.879550  0.937635  0.187279  0.484898  0.313163\n",
       "0   0.659552  0.009833  0.417846  0.555050  0.667172"
      ]
     },
     "execution_count": 17,
     "metadata": {},
     "output_type": "execute_result"
    }
   ],
   "source": [
    "newdf.sort_index(axis=0, ascending=False)"
   ]
  },
  {
   "cell_type": "code",
   "execution_count": 18,
   "metadata": {},
   "outputs": [],
   "source": [
    "newdf2 = df.copy()"
   ]
  },
  {
   "cell_type": "code",
   "execution_count": 20,
   "metadata": {},
   "outputs": [
    {
     "data": {
      "text/html": [
       "<div>\n",
       "<style scoped>\n",
       "    .dataframe tbody tr th:only-of-type {\n",
       "        vertical-align: middle;\n",
       "    }\n",
       "\n",
       "    .dataframe tbody tr th {\n",
       "        vertical-align: top;\n",
       "    }\n",
       "\n",
       "    .dataframe thead th {\n",
       "        text-align: right;\n",
       "    }\n",
       "</style>\n",
       "<table border=\"1\" class=\"dataframe\">\n",
       "  <thead>\n",
       "    <tr style=\"text-align: right;\">\n",
       "      <th></th>\n",
       "      <th>name</th>\n",
       "      <th>language</th>\n",
       "      <th>experience</th>\n",
       "      <th>A</th>\n",
       "    </tr>\n",
       "  </thead>\n",
       "  <tbody>\n",
       "    <tr>\n",
       "      <th>0</th>\n",
       "      <td>Soham</td>\n",
       "      <td>Solidity</td>\n",
       "      <td>1</td>\n",
       "      <td>NaN</td>\n",
       "    </tr>\n",
       "    <tr>\n",
       "      <th>1</th>\n",
       "      <td>Bhanu</td>\n",
       "      <td>Javascript</td>\n",
       "      <td>2</td>\n",
       "      <td>0.5</td>\n",
       "    </tr>\n",
       "    <tr>\n",
       "      <th>2</th>\n",
       "      <td>Farhan</td>\n",
       "      <td>CSS</td>\n",
       "      <td>3</td>\n",
       "      <td>NaN</td>\n",
       "    </tr>\n",
       "  </tbody>\n",
       "</table>\n",
       "</div>"
      ],
      "text/plain": [
       "     name    language  experience    A\n",
       "0   Soham    Solidity           1  NaN\n",
       "1   Bhanu  Javascript           2  0.5\n",
       "2  Farhan         CSS           3  NaN"
      ]
     },
     "execution_count": 20,
     "metadata": {},
     "output_type": "execute_result"
    }
   ],
   "source": [
    "newdf2.loc[1, \"A\"] = 0.5\n",
    "newdf2.head()"
   ]
  },
  {
   "cell_type": "code",
   "execution_count": 21,
   "metadata": {},
   "outputs": [],
   "source": [
    "newdf.drop(\"A\", axis=1, inplace=True)"
   ]
  },
  {
   "cell_type": "code",
   "execution_count": 26,
   "metadata": {},
   "outputs": [
    {
     "data": {
      "text/html": [
       "<div>\n",
       "<style scoped>\n",
